--- !!python/object/apply:collections.OrderedDict
-   -   - GENERAL
        -   num_periods: 30
    -   - CONSTANTS
        -   benefits: 4.0
            delta: 0.98
            mu: -0.56
    -   - INITIAL_CONDITIONS
        -   educ_max: 16
            educ_min: 10
    -   - SIMULATION
        -   num_agents_sim: 1000
            seed_sim: 102
    -   - SOLUTION
        -   num_draws_emax: 500
            seed_emax: 635
    -   - PARAMETERS
        -   const_f: 2.946170814975702
            const_p: 2.1939040259364377
            delta_s1: 0.0797891312883739
            delta_s2: 0.05304125184124031
            delta_s3: 0.06810314711014369
            g_s1: 0.13514723756777416
            g_s2: 0.08962882389636026
            g_s3: 0.12752939832412513
            gamma_0s1: 1.902770165310518
            gamma_0s2: 2.1266217126659672
            gamma_0s3: 2.0013161220824367
            gamma_1s1: 0.1343748438967886
            gamma_1s2: 0.16901261095066022
            gamma_1s3: 0.2797440577391183
            share_1: 0.47741251611533053
            sigma_1: 0.009015443374105557
            sigma_2: 0.19276981918799718
            sigma_3: 0.44786542970019333
            theta_f1: -0.5421975972998966
            theta_p1: -0.19748247687559972
