--- !!python/object/apply:collections.OrderedDict
-   -   - GENERAL
        -   num_choices: 3
            num_periods: 30
    -   - CONSTANTS
        -   benefits: 6.0
            delta: 0.98
            mu: -0.56
    -   - INITIAL_CONDITIONS
        -   educ_max: 16
            educ_min: 10
    -   - SIMULATION
        -   num_agents_sim: 1000
            seed_sim: 102
    -   - SOLUTION
        -   num_draws_emax: 500
            seed_emax: 635
    -   - PARAMETERS
        -   delta_s1: 0.0809400522647101
            delta_s2: 0.05700569518699954
            delta_s3: 0.07296760855242505
            g_s1: 0.1499273870895794
            g_s2: 0.09605751862741047
            g_s3: 0.11594735080857207
            gamma_0s1: 1.7916604343228484
            gamma_0s2: 1.8078950479651654
            gamma_0s3: 1.854531639620415
            gamma_1s1: 0.11205689231546422
            gamma_1s2: 0.1988539662988093
            gamma_1s3: 0.2659859008860157
            sigma_1: 0.009999311302333133
            sigma_2: 0.19986431770554358
            sigma_3: 0.39987663375768473
            theta_f: 2.3315013535170017
            theta_p: 1.8798516817376243
