--- !!python/object/apply:collections.OrderedDict
-   -   - GENERAL
        -   num_periods: 30
    -   - CONSTANTS
        -   benefits: 4.0
            delta: 0.98
            mu: -0.56
    -   - INITIAL_CONDITIONS
        -   educ_max: 16
            educ_min: 10
    -   - SIMULATION
        -   num_agents_sim: 1000
            seed_sim: 102
    -   - SOLUTION
        -   num_draws_emax: 500
            seed_emax: 635
    -   - PARAMETERS
        -   const_f: 2.6903638641600636
            const_p: 2.172877314211003
            delta_s1: 0.06531357272042136
            delta_s2: 0.0488272534795681
            delta_s3: 0.06561547184275193
            g_s1: 0.15868385247804126
            g_s2: 0.20014926559500584
            g_s3: 0.17559730586597674
            gamma_0s1: 2.0020445250164087
            gamma_0s2: 1.9773195538293695
            gamma_0s3: 1.7897279034965319
            gamma_1s1: 0.09833970081320001
            gamma_1s2: 0.1731853416327444
            gamma_1s3: 0.2694742495867317
            share_1: 0.09894454421607864
            sigma_1: 0.09281694239069295
            sigma_2: 0.24363303916207643
            sigma_3: 0.43328071885147396
            theta_f1: -0.4489003422662084
            theta_p1: -0.1934199026008792
