--- !!python/object/apply:collections.OrderedDict
-   -   - GENERAL
        -   num_periods: 30
    -   - CONSTANTS
        -   benefits: 6.0
            delta: 0.98
            mu: -0.56
    -   - INITIAL_CONDITIONS
        -   educ_max: 16
            educ_min: 10
    -   - SIMULATION
        -   num_agents_sim: 1000
            seed_sim: 102
    -   - SOLUTION
        -   num_draws_emax: 500
            seed_emax: 635
    -   - PARAMETERS
        -   const_f: 2.685086670392548
            const_p: 1.9388832280572832
            delta_s1: 0.08958953051774654
            delta_s2: 0.06010159222713782
            delta_s3: 0.06427258183568857
            g_s1: 0.16124080157057863
            g_s2: 0.09459360460745334
            g_s3: 0.10360853536867344
            gamma_0s1: 1.88907552507492
            gamma_0s2: 2.0053292948089823
            gamma_0s3: 1.9268756403578562
            gamma_1s1: 0.11986251345252616
            gamma_1s2: 0.21801431032082697
            gamma_1s3: 0.28990907862717963
            share_1: 0.48063060827665743
            sigma_1: 0.008914803250559466
            sigma_2: 0.17999357988260398
            sigma_3: 0.4612355596221539
            theta_f1: -0.5101810762544476
            theta_p1: -0.19929701609966555
