--- !!python/object/apply:collections.OrderedDict
-   -   - GENERAL
        -   num_choices: 3
            num_periods: 10
    -   - CONSTANTS
        -   benefits: 1850.0
            delta: 0.98
            mu: -0.56
    -   - INITIAL_CONDITIONS
        -   educ_max: 12
            educ_min: 10
    -   - SIMULATION
        -   num_agents_sim: 1000
            seed_sim: 102
    -   - SOLUTION
        -   num_draws_emax: 500
            seed_emax: 635
    -   - PARAMETERS
        -   delta_s1: 0.08101289602364765
            delta_s2: 0.05696334453526689
            delta_s3: 0.07298887515149613
            g_s1: 0.1501231765685976
            g_s2: 0.09602227310948508
            g_s3: 0.11594981727619738
            gamma_0s1: 5.404744433480354
            gamma_0s2: 5.573025530403671
            gamma_0s3: 6.950980062323339
            gamma_1s1: 0.1520072355531852
            gamma_1s2: 0.22899022495047153
            gamma_1s3: 0.30599258408008323
            sigma_1: 0.9999385884303227
            sigma_2: 1.248247782582732
            sigma_3: 1.60099147346001
            theta_f: -0.2999902570422572
            theta_p: -0.10003136949676543
